(0,0) (0,0) (0,0) (0,0) (0,0) (0,0) 



(0,0) (0,0) (0,0) (0,0) (0,0) (0,0) 



(0,nan) (0,0) (0,0) (0,0) (0,0) (0,0) 



(0,nan) (0,0) (0,0) (0,0) (0,0) (0,0) 



(0,nan) (0,0) (0,0) (0,0) (0,0) (0,0) 



(0,nan) (0,0) (0,0) (0,0) (0,0) (0,0) 



(0,nan) (0,0) (0,0) (0,0) (0,0) (0,0) 



(0,nan) (0,0) (0,0) (0,0) (0,0) (0,0) 



(0,nan) (0,0) (0,0) (0,0) (0,0) (0,0) 



(0,nan) (0,0) (0,0) (0,0) (0,0) (0,0) 



(0,nan) (0,0) (0,0) (0,0) (0,0) (0,0) 



(0,nan) (0,0) (0,0) (0,0) (0,0) (0,0) 



(0,nan) (0,0) (0,0) (0,0) (0,0) (0,0) 



(0,nan) (0,0) (0,0) (0,0) (0,0) (0,0) 



(0,nan) (0,0) (0,0) (0,0) (0,0) (0,0) 



(0,nan) (0,0) (0,0) (0,0) (0,0) (0,0) 



(0,nan) (0,0) (0,0) (0,0) (0,0) (0,0) 



(0,nan) (0,0) (0,0) (0,0) (0,0) (0,0) 



(0,nan) (0,0) (0,0) (0,0) (0,0) (0,0) 



(0,nan) (0,0) (0,0) (0,0) (0,0) (0,0) 



(0,nan) (0,0) (0,0) (0,0) (0,0) (0,0) 



(0,nan) (0,0) (0,0) (0,0) (0,0) (0,0) 



(0,nan) (0,0) (0,0) (0,0) (0,0) (0,0) 



(0,nan) (0,0) (0,0) (0,0) (0,0) (0,0) 



(0,nan) (0,0) (0,0) (0,0) (0,0) (0,0) 



(0,nan) (0,0) (0,0) (0,0) (0,0) (0,0) 



(0,nan) (0,0) (0,0) (0,0) (0,0) (0,0) 



(0,nan) (0,0) (0,0) (0,0) (0,0) (0,0) 



(0,nan) (0,0) (0,0) (0,0) (0,0) (0,0) 



(0,nan) (0,0) (0,0) (0,0) (0,0) (0,0) 



(0,nan) (0,0) (0,0) (0,0) (0,0) (0,0) 



(0,nan) (0,0) (0,0) (0,0) (0,0) (0,0) 



(0,nan) (0,0) (0,0) (0,0) (0,0) (0,0) 



(0,nan) (0,0) (0,0) (0,0) (0,0) (0,0) 



(0,nan) (0,0) (0,0) (0,0) (0,0) (0,0) 



(0,nan) (0,0) (0,0) (0,0) (0,0) (0,0) 



(0,nan) (0,0) (0,0) (0,0) (0,0) (0,0) 



(0,nan) (0,0) (0,0) (0,0) (0,0) (0,0) 



(0,nan) (0,0) (0,0) (0,0) (0,0) (0,0) 



(0,nan) (0,0) (0,0) (0,0) (0,0) (0,0) 



(0,nan) (0,0) (0,0) (0,0) (0,0) (0,0) 



(0,nan) (0,0) (0,0) (0,0) (0,0) (0,0) 



(0,nan) (0,0) (0,0) (0,0) (0,0) (0,0) 



(0,nan) (0,0) (0,0) (0,0) (0,0) (0,0) 



(0,nan) (0,0) (0,0) (0,0) (0,0) (0,0) 



(0,nan) (0,0) (0,0) (0,0) (0,0) (0,0) 



(0,nan) (0,0) (0,0) (0,0) (0,0) (0,0) 



(0,nan) (0,0) (0,0) (0,0) (0,0) (0,0) 



(0,nan) (0,0) (0,0) (0,0) (0,0) (0,0) 



(0,nan) (0,0) (0,0) (0,0) (0,0) (0,0) 



(2,16.8) (0,15.8) (4,14) (1,12.6) (3,8.4) (5,5.6) 



(0,11.8) (2,11.2) (1,9.45) (4,9.33) (3,5.6) (5,3.73) 



(0,8.86) (2,7.47) (1,7.09) (4,6.22) (3,3.73) (5,2.49) 



(0,6.64) (1,5.32) (2,4.98) (4,4.15) (3,2.49) (5,1.66) 



(0,4.98) (1,3.99) (2,3.32) (4,2.77) (3,1.66) (5,1.11) 



(0,3.74) (1,2.99) (2,2.21) (4,1.84) (3,1.11) (5,0.737) 



(0,2.8) (1,2.24) (2,1.47) (4,1.23) (3,0.737) (5,0.492) 



(0,2.1) (1,1.68) (2,0.983) (4,0.819) (3,0.492) (5,0.328) 



(0,1.58) (1,1.26) (2,0.656) (4,0.546) (3,0.328) (5,0.219) 



(0,1.18) (1,0.946) (2,0.437) (4,0.364) (3,0.219) (5,0.146) 



(0,0.887) (1,0.71) (2,0.291) (4,0.243) (3,0.146) (5,0.0971) 



(0,0.665) (1,0.532) (2,0.194) (4,0.162) (3,0.0971) (5,0.0647) 



(0,0.499) (1,0.399) (2,0.129) (4,0.108) (3,0.0647) (5,0.0432) 



(0,0.374) (1,0.299) (2,0.0863) (4,0.0719) (3,0.0432) (5,0.0288) 



(0,0.281) (1,0.225) (2,0.0575) (4,0.048) (3,0.0288) (5,0.0192) 



(0,0.21) (1,0.168) (2,0.0384) (4,0.032) (3,0.0192) (5,0.0128) 



(0,0.158) (1,0.126) (2,0.0256) (4,0.0213) (3,0.0128) (5,0.00853) 



(0,0.118) (1,0.0947) (2,0.0171) (4,0.0142) (3,0.00853) (5,0.00568) 



(0,0.0888) (1,0.071) (2,0.0114) (4,0.00947) (3,0.00568) (5,0.00379) 



(0,0.0666) (1,0.0533) (2,0.00758) (4,0.00632) (3,0.00379) (5,0.00253) 



(0,0.0499) (1,0.04) (2,0.00505) (4,0.00421) (3,0.00253) (5,0.00168) 



(0,0.0333) (1,0.0266) (2,0.00337) (3,0.00168) (4,0) (0,0) 



(0,0) (0,0) (0,0) (0,0) (0,0) (0,0) 



(0,0) (0,0) (0,0) (0,0) (0,0) (0,0) 



(0,nan) (0,0) (0,0) (0,0) (0,0) (0,0) 



(0,nan) (0,0) (0,0) (0,0) (0,0) (0,0) 



(0,nan) (0,0) (0,0) (0,0) (0,0) (0,0) 



(0,nan) (0,0) (0,0) (0,0) (0,0) (0,0) 



(0,nan) (0,0) (0,0) (0,0) (0,0) (0,0) 



(0,nan) (0,0) (0,0) (0,0) (0,0) (0,0) 



(0,nan) (0,0) (0,0) (0,0) (0,0) (0,0) 



(0,nan) (0,0) (0,0) (0,0) (0,0) (0,0) 



(0,nan) (0,0) (0,0) (0,0) (0,0) (0,0) 



(0,nan) (0,0) (0,0) (0,0) (0,0) (0,0) 



(0,nan) (0,0) (0,0) (0,0) (0,0) (0,0) 



(0,nan) (0,0) (0,0) (0,0) (0,0) (0,0) 



(0,nan) (0,0) (0,0) (0,0) (0,0) (0,0) 



(0,nan) (0,0) (0,0) (0,0) (0,0) (0,0) 



(0,nan) (0,0) (0,0) (0,0) (0,0) (0,0) 



(0,nan) (0,0) (0,0) (0,0) (0,0) (0,0) 



(0,nan) (0,0) (0,0) (0,0) (0,0) (0,0) 



(0,nan) (0,0) (0,0) (0,0) (0,0) (0,0) 



(0,nan) (0,0) (0,0) (0,0) (0,0) (0,0) 



(0,nan) (0,0) (0,0) (0,0) (0,0) (0,0) 



(0,nan) (0,0) (0,0) (0,0) (0,0) (0,0) 



(0,nan) (0,0) (0,0) (0,0) (0,0) (0,0) 



(0,nan) (0,0) (0,0) (0,0) (0,0) (0,0) 



(0,nan) (0,0) (0,0) (0,0) (0,0) (0,0) 



(0,nan) (0,0) (0,0) (0,0) (0,0) (0,0) 



(0,nan) (0,0) (0,0) (0,0) (0,0) (0,0) 



(5,inf) (4,inf) (3,inf) (1,3.15) (0,3.15) (2,1.05) 



(5,inf) (4,inf) (3,inf) (1,1.57) (0,1.57) (2,0.525) 



(5,inf) (4,inf) (3,inf) (1,0.787) (0,0.787) (2,0.263) 



(5,inf) (4,inf) (3,inf) (1,0.394) (0,0.394) (2,0.131) 



(5,inf) (4,inf) (3,inf) (1,0.197) (0,0.197) (2,0.0656) 



(5,inf) (4,inf) (3,inf) (1,0.0984) (0,0.0984) (2,0.0328) 



(5,inf) (4,inf) (3,inf) (1,0.0492) (0,0.0492) (2,0.0164) 



(5,inf) (4,inf) (3,inf) (1,0.0246) (0,0.0246) (2,0.0082) 



(5,inf) (4,inf) (3,inf) (1,0.0123) (0,0.0123) (2,0.0041) 



(5,inf) (4,inf) (3,inf) (1,0.00615) (0,0.00615) (2,0.00205) 



(5,inf) (4,inf) (3,inf) (1,0.00308) (0,0.00308) (2,0.00103) 



(1,0.00154) (0,0.00154) (2,0) (0,0) (0,0) (0,0) 



(1,inf) (0,inf) (2,0) (0,0) (0,0) (0,0) 



(2,nan) (1,inf) (0,inf) (0,0) (0,0) (0,0) 



(2,nan) (1,inf) (0,inf) (0,0) (0,0) (0,0) 



(2,nan) (1,inf) (0,inf) (0,0) (0,0) (0,0) 



(2,nan) (1,inf) (0,inf) (0,0) (0,0) (0,0) 



(2,nan) (1,inf) (0,inf) (0,0) (0,0) (0,0) 



(2,nan) (1,inf) (0,inf) (0,0) (0,0) (0,0) 



(2,nan) (1,inf) (0,inf) (0,0) (0,0) (0,0) 



(2,nan) (1,inf) (0,inf) (0,0) (0,0) (0,0) 



(2,nan) (1,inf) (0,inf) (0,0) (0,0) (0,0) 



(2,nan) (1,inf) (0,inf) (0,0) (0,0) (0,0) 



(2,nan) (1,inf) (0,inf) (0,0) (0,0) (0,0) 



(2,nan) (1,inf) (0,inf) (0,0) (0,0) (0,0) 



(2,nan) (1,inf) (0,inf) (0,0) (0,0) (0,0) 



(2,nan) (1,inf) (0,inf) (0,0) (0,0) (0,0) 



(2,nan) (1,inf) (0,inf) (0,0) (0,0) (0,0) 



(2,nan) (1,inf) (0,inf) (0,0) (0,0) (0,0) 



(2,nan) (1,inf) (0,inf) (0,0) (0,0) (0,0) 



(2,nan) (1,inf) (0,inf) (0,0) (0,0) (0,0) 



(2,nan) (1,inf) (0,inf) (0,0) (0,0) (0,0) 



(2,nan) (1,inf) (0,inf) (0,0) (0,0) (0,0) 



(2,nan) (1,inf) (0,inf) (0,0) (0,0) (0,0) 



(2,nan) (1,inf) (0,inf) (0,0) (0,0) (0,0) 



(2,nan) (1,inf) (0,inf) (0,0) (0,0) (0,0) 



(2,nan) (1,inf) (0,inf) (0,0) (0,0) (0,0) 



(2,nan) (1,inf) (0,inf) (0,0) (0,0) (0,0) 



(2,nan) (1,inf) (0,inf) (0,0) (0,0) (0,0) 



(2,nan) (1,inf) (0,inf) (0,0) (0,0) (0,0) 



(2,nan) (1,inf) (0,inf) (0,0) (0,0) (0,0) 



(2,nan) (1,inf) (0,inf) (0,0) (0,0) (0,0) 



(2,nan) (1,inf) (0,inf) (0,0) (0,0) (0,0) 



(2,nan) (1,inf) (0,inf) (0,0) (0,0) (0,0) 



(2,nan) (1,inf) (0,inf) (0,0) (0,0) (0,0) 



(2,nan) (1,inf) (0,inf) (0,0) (0,0) (0,0) 



(2,nan) (1,inf) (0,inf) (0,0) (0,0) (0,0) 



(2,nan) (1,inf) (0,inf) (0,0) (0,0) (0,0) 



(2,nan) (1,inf) (0,inf) (0,0) (0,0) (0,0) 



(2,nan) (1,inf) (0,inf) (0,0) (0,0) (0,0) 



(3,inf) (2,inf) (1,inf) (0,inf) (4,0) (0,0) (0,0) 




(4,nan) (3,inf) (2,inf) (1,inf) (0,inf) (0,0) (0,0) 




(4,nan) (3,inf) (2,inf) (1,inf) (0,inf) (0,0) (0,0) 




(4,nan) (3,inf) (2,inf) (1,inf) (0,inf) (0,0) (0,0) 




(4,nan) (3,inf) (2,inf) (1,inf) (0,inf) (0,0) (0,0) 




(4,nan) (3,inf) (2,inf) (1,inf) (0,inf) (0,0) (0,0) 




(4,nan) (3,inf) (2,inf) (1,inf) (0,inf) (0,0) (0,0) 




(4,nan) (3,inf) (2,inf) (1,inf) (0,inf) (0,0) (0,0) 




(4,nan) (3,inf) (2,inf) (1,inf) (0,inf) (0,0) (0,0) 




(4,nan) (3,inf) (2,inf) (1,inf) (0,inf) (0,0) (0,0) 




(4,nan) (3,inf) (2,inf) (1,inf) (0,inf) (0,0) (0,0) 




(4,nan) (3,inf) (2,inf) (1,inf) (0,inf) (0,0) (0,0) 




(4,nan) (3,inf) (2,inf) (1,inf) (0,inf) (0,0) (0,0) 




(4,nan) (3,inf) (2,inf) (1,inf) (0,inf) (0,0) (0,0) 




(4,nan) (3,inf) (2,inf) (1,inf) (0,inf) (0,0) (0,0) 




(4,nan) (3,inf) (2,inf) (1,inf) (0,inf) (0,0) (0,0) 




(4,nan) (3,inf) (2,inf) (1,inf) (0,inf) (0,0) (0,0) 




(4,nan) (3,inf) (2,inf) (1,inf) (0,inf) (0,0) (0,0) 




(4,nan) (3,inf) (2,inf) (1,inf) (0,inf) (0,0) (0,0) 




(4,nan) (3,inf) (2,inf) (1,inf) (0,inf) (0,0) (0,0) 




(4,nan) (3,inf) (2,inf) (1,inf) (0,inf) (0,0) (0,0) 




(4,nan) (3,inf) (2,inf) (1,inf) (0,inf) (0,0) (0,0) 




(4,nan) (3,inf) (2,inf) (1,inf) (0,inf) (0,0) (0,0) 




(4,nan) (3,inf) (2,inf) (1,inf) (0,inf) (0,0) (0,0) 




(4,nan) (3,inf) (2,inf) (1,inf) (0,inf) (0,0) (0,0) 




(4,nan) (3,inf) (2,inf) (1,inf) (0,inf) (0,0) (0,0) 




(4,nan) (3,inf) (2,inf) (1,inf) (0,inf) (0,0) (0,0) 




(4,nan) (3,inf) (2,inf) (1,inf) (0,inf) (0,0) (0,0) 




(4,nan) (3,inf) (2,inf) (1,inf) (0,inf) (0,0) (0,0) 




(4,nan) (3,inf) (2,inf) (1,inf) (0,inf) (0,0) (0,0) 




(4,nan) (3,inf) (2,inf) (1,inf) (0,inf) (0,0) (0,0) 




(4,nan) (3,inf) (2,inf) (1,inf) (0,inf) (0,0) (0,0) 




(4,nan) (3,inf) (2,inf) (1,inf) (0,inf) (0,0) (0,0) 




(4,nan) (3,inf) (2,inf) (1,inf) (0,inf) (0,0) (0,0) 




(4,nan) (3,inf) (2,inf) (1,inf) (0,inf) (0,0) (0,0) 




(4,nan) (3,inf) (2,inf) (1,inf) (0,inf) (0,0) (0,0) 




(4,nan) (3,inf) (2,inf) (1,inf) (0,inf) (0,0) (0,0) 




(4,nan) (3,inf) (2,inf) (1,inf) (0,inf) (0,0) (0,0) 




(4,nan) (3,inf) (2,inf) (1,inf) (0,inf) (0,0) (0,0) 




(4,nan) (3,inf) (2,inf) (1,inf) (0,inf) (0,0) (0,0) 




(4,nan) (3,inf) (2,inf) (1,inf) (0,inf) (0,0) (0,0) 




(4,nan) (3,inf) (2,inf) (1,inf) (0,inf) (0,0) (0,0) 




(4,nan) (3,inf) (2,inf) (1,inf) (0,inf) (0,0) (0,0) 




(4,nan) (3,inf) (2,inf) (1,inf) (0,inf) (0,0) (0,0) 




(4,nan) (3,inf) (2,inf) (1,inf) (0,inf) (0,0) (0,0) 




(4,nan) (3,inf) (2,inf) (1,inf) (0,inf) (0,0) (0,0) 




(4,nan) (3,inf) (2,inf) (1,inf) (0,inf) (0,0) (0,0) 




(4,nan) (3,inf) (2,inf) (1,inf) (0,inf) (0,0) (0,0) 




(4,nan) (3,inf) (2,inf) (1,inf) (0,inf) (0,0) (0,0) 




(4,nan) (3,inf) (2,inf) (1,inf) (0,inf) (0,0) (0,0) 




(2,0.625) (1,0.417) (0,0.417) (3,0) (0,0) 


(2,0.536) (1,0.357) (0,0.357) (3,0) (0,0) 


(2,0.469) (1,0.312) (0,0.312) (3,0) (0,0) 


(2,0.417) (1,0.278) (0,0.278) (3,0) (0,0) 


(2,0.375) (1,0.25) (0,0.25) (3,0) (0,0) 


(2,0.341) (1,0.227) (0,0.227) (3,0) (0,0) 


(2,0.312) (1,0.208) (0,0.208) (3,0) (0,0) 


(2,0.288) (1,0.192) (0,0.192) (3,0) (0,0) 


(2,0.268) (1,0.179) (0,0.179) (3,0) (0,0) 


(2,0.25) (1,0.167) (0,0.167) (3,0) (0,0) 


(2,0.234) (1,0.156) (0,0.156) (3,0) (0,0) 


(2,0.221) (1,0.147) (0,0.147) (3,0) (0,0) 


(2,0.208) (1,0.139) (0,0.139) (3,0) (0,0) 


(2,0.197) (1,0.132) (0,0.132) (3,0) (0,0) 


(2,0.187) (1,0.125) (0,0.125) (3,0) (0,0) 


(2,0.179) (1,0.119) (0,0.119) (3,0) (0,0) 


(2,0.17) (1,0.114) (0,0.114) (3,0) (0,0) 


(2,0.163) (1,0.109) (0,0.109) (3,0) (0,0) 


(2,0.156) (1,0.104) (0,0.104) (3,0) (0,0) 


(2,0.15) (1,0.1) (0,0.1) (3,0) (0,0) 


(2,0.144) (1,0.0962) (0,0.0962) (3,0) (0,0) 


(2,0.139) (1,0.0926) (0,0.0926) (3,0) (0,0) 


(2,0.134) (1,0.0893) (0,0.0893) (3,0) (0,0) 


(2,0.129) (1,0.0862) (0,0.0862) (3,0) (0,0) 


(2,0.125) (1,0.0833) (0,0.0833) (3,0) (0,0) 


(5,1.38) (4,1.38) (2,0.462) (1,0.462) (0,0.462) (3,0.231) 



(5,1.13) (4,1.13) (2,0.375) (1,0.375) (0,0.375) (3,0.188) 



(5,0.947) (4,0.947) (2,0.316) (1,0.316) (0,0.316) (3,0.158) 



(5,0.818) (4,0.818) (2,0.273) (1,0.273) (0,0.273) (3,0.136) 



(5,0.72) (4,0.72) (2,0.24) (1,0.24) (0,0.24) (3,0.12) 



(5,0.643) (4,0.643) (2,0.214) (1,0.214) (0,0.214) (3,0.107) 



(5,0.581) (4,0.581) (2,0.194) (1,0.194) (0,0.194) (3,0.0968) 



(5,0.529) (4,0.529) (2,0.176) (1,0.176) (0,0.176) (3,0.0882) 



(5,0.486) (4,0.486) (2,0.162) (1,0.162) (0,0.162) (3,0.0811) 



(5,0.45) (4,0.45) (2,0.15) (1,0.15) (0,0.15) (3,0.075) 



(5,0.419) (4,0.419) (2,0.14) (1,0.14) (0,0.14) (3,0.0698) 



(5,0.391) (4,0.391) (2,0.13) (1,0.13) (0,0.13) (3,0.0652) 



(5,0.367) (4,0.367) (2,0.122) (1,0.122) (0,0.122) (3,0.0612) 



(5,0.346) (4,0.346) (2,0.115) (1,0.115) (0,0.115) (3,0.0577) 



(5,0.327) (4,0.327) (2,0.109) (1,0.109) (0,0.109) (3,0.0545) 



(5,0.31) (4,0.31) (2,0.103) (1,0.103) (0,0.103) (3,0.0517) 



(5,0.295) (4,0.295) (2,0.0984) (1,0.0984) (0,0.0984) (3,0.0492) 



(5,0.281) (4,0.281) (2,0.0938) (1,0.0938) (0,0.0938) (3,0.0469) 



(5,0.269) (4,0.269) (2,0.0896) (1,0.0896) (0,0.0896) (3,0.0448) 



(5,0.257) (4,0.257) (2,0.0857) (1,0.0857) (0,0.0857) (3,0.0429) 



(5,0.247) (4,0.247) (2,0.0822) (1,0.0822) (0,0.0822) (3,0.0411) 



(5,0.237) (4,0.237) (2,0.0789) (1,0.0789) (0,0.0789) (3,0.0395) 



(5,0.228) (4,0.228) (2,0.0759) (1,0.0759) (0,0.0759) (3,0.038) 



(5,0.22) (4,0.22) (2,0.0732) (1,0.0732) (0,0.0732) (3,0.0366) 



(5,0.212) (4,0.212) (2,0.0706) (1,0.0706) (0,0.0706) (3,0.0353) 



(0,0.219) (1,0) (0,0) (0,0) (0,0) (0,0) (0,0) (0,0) (0,0) (0,0) (0,0) (0,0) (0,0) (0,0) (0,0) (0,0) (0,0) (0,0) (0,0) (0,0) (0,0) (0,0) (0,0) (0,0) (0,0) (0,0) (0,0) (0,0) (0,0) (0,0) (0,0) (0,0) (0,0) (0,0) (0,0) 






(0,0.159) (1,0) (0,0) (0,0) (0,0) (0,0) (0,0) (0,0) (0,0) (0,0) (0,0) (0,0) (0,0) (0,0) (0,0) (0,0) (0,0) (0,0) (0,0) (0,0) (0,0) (0,0) (0,0) (0,0) (0,0) (0,0) (0,0) (0,0) (0,0) (0,0) (0,0) (0,0) (0,0) (0,0) (0,0) 






(0,0.125) (1,0) (0,0) (0,0) (0,0) (0,0) (0,0) (0,0) (0,0) (0,0) (0,0) (0,0) (0,0) (0,0) (0,0) (0,0) (0,0) (0,0) (0,0) (0,0) (0,0) (0,0) (0,0) (0,0) (0,0) (0,0) (0,0) (0,0) (0,0) (0,0) (0,0) (0,0) (0,0) (0,0) (0,0) 






(0,0.103) (1,0) (0,0) (0,0) (0,0) (0,0) (0,0) (0,0) (0,0) (0,0) (0,0) (0,0) (0,0) (0,0) (0,0) (0,0) (0,0) (0,0) (0,0) (0,0) (0,0) (0,0) (0,0) (0,0) (0,0) (0,0) (0,0) (0,0) (0,0) (0,0) (0,0) (0,0) (0,0) (0,0) (0,0) 






(0,0.0875) (1,0) (0,0) (0,0) (0,0) (0,0) (0,0) (0,0) (0,0) (0,0) (0,0) (0,0) (0,0) (0,0) (0,0) (0,0) (0,0) (0,0) (0,0) (0,0) (0,0) (0,0) (0,0) (0,0) (0,0) (0,0) (0,0) (0,0) (0,0) (0,0) (0,0) (0,0) (0,0) (0,0) (0,0) 






(0,0.0761) (1,0) (0,0) (0,0) (0,0) (0,0) (0,0) (0,0) (0,0) (0,0) (0,0) (0,0) (0,0) (0,0) (0,0) (0,0) (0,0) (0,0) (0,0) (0,0) (0,0) (0,0) (0,0) (0,0) (0,0) (0,0) (0,0) (0,0) (0,0) (0,0) (0,0) (0,0) (0,0) (0,0) (0,0) 






(0,0.0673) (1,0) (0,0) (0,0) (0,0) (0,0) (0,0) (0,0) (0,0) (0,0) (0,0) (0,0) (0,0) (0,0) (0,0) (0,0) (0,0) (0,0) (0,0) (0,0) (0,0) (0,0) (0,0) (0,0) (0,0) (0,0) (0,0) (0,0) (0,0) (0,0) (0,0) (0,0) (0,0) (0,0) (0,0) 






(0,0.0603) (1,0) (0,0) (0,0) (0,0) (0,0) (0,0) (0,0) (0,0) (0,0) (0,0) (0,0) (0,0) (0,0) (0,0) (0,0) (0,0) (0,0) (0,0) (0,0) (0,0) (0,0) (0,0) (0,0) (0,0) (0,0) (0,0) (0,0) (0,0) (0,0) (0,0) (0,0) (0,0) (0,0) (0,0) 






(0,0.0547) (1,0) (0,0) (0,0) (0,0) (0,0) (0,0) (0,0) (0,0) (0,0) (0,0) (0,0) (0,0) (0,0) (0,0) (0,0) (0,0) (0,0) (0,0) (0,0) (0,0) (0,0) (0,0) (0,0) (0,0) (0,0) (0,0) (0,0) (0,0) (0,0) (0,0) (0,0) (0,0) (0,0) (0,0) 






(0,0.05) (1,0) (0,0) (0,0) (0,0) (0,0) (0,0) (0,0) (0,0) (0,0) (0,0) (0,0) (0,0) (0,0) (0,0) (0,0) (0,0) (0,0) (0,0) (0,0) (0,0) (0,0) (0,0) (0,0) (0,0) (0,0) (0,0) (0,0) (0,0) (0,0) (0,0) (0,0) (0,0) (0,0) (0,0) 






(0,0.0461) (1,0) (0,0) (0,0) (0,0) (0,0) (0,0) (0,0) (0,0) (0,0) (0,0) (0,0) (0,0) (0,0) (0,0) (0,0) (0,0) (0,0) (0,0) (0,0) (0,0) (0,0) (0,0) (0,0) (0,0) (0,0) (0,0) (0,0) (0,0) (0,0) (0,0) (0,0) (0,0) (0,0) (0,0) 






(0,0.0427) (1,0) (0,0) (0,0) (0,0) (0,0) (0,0) (0,0) (0,0) (0,0) (0,0) (0,0) (0,0) (0,0) (0,0) (0,0) (0,0) (0,0) (0,0) (0,0) (0,0) (0,0) (0,0) (0,0) (0,0) (0,0) (0,0) (0,0) (0,0) (0,0) (0,0) (0,0) (0,0) (0,0) (0,0) 






(0,0.0398) (1,0) (0,0) (0,0) (0,0) (0,0) (0,0) (0,0) (0,0) (0,0) (0,0) (0,0) (0,0) (0,0) (0,0) (0,0) (0,0) (0,0) (0,0) (0,0) (0,0) (0,0) (0,0) (0,0) (0,0) (0,0) (0,0) (0,0) (0,0) (0,0) (0,0) (0,0) (0,0) (0,0) (0,0) 






(0,0.0372) (1,0) (0,0) (0,0) (0,0) (0,0) (0,0) (0,0) (0,0) (0,0) (0,0) (0,0) (0,0) (0,0) (0,0) (0,0) (0,0) (0,0) (0,0) (0,0) (0,0) (0,0) (0,0) (0,0) (0,0) (0,0) (0,0) (0,0) (0,0) (0,0) (0,0) (0,0) (0,0) (0,0) (0,0) 






(0,0.035) (1,0) (0,0) (0,0) (0,0) (0,0) (0,0) (0,0) (0,0) (0,0) (0,0) (0,0) (0,0) (0,0) (0,0) (0,0) (0,0) (0,0) (0,0) (0,0) (0,0) (0,0) (0,0) (0,0) (0,0) (0,0) (0,0) (0,0) (0,0) (0,0) (0,0) (0,0) (0,0) (0,0) (0,0) 






(0,0.033) (1,0) (0,0) (0,0) (0,0) (0,0) (0,0) (0,0) (0,0) (0,0) (0,0) (0,0) (0,0) (0,0) (0,0) (0,0) (0,0) (0,0) (0,0) (0,0) (0,0) (0,0) (0,0) (0,0) (0,0) (0,0) (0,0) (0,0) (0,0) (0,0) (0,0) (0,0) (0,0) (0,0) (0,0) 






(0,0.0313) (1,0) (0,0) (0,0) (0,0) (0,0) (0,0) (0,0) (0,0) (0,0) (0,0) (0,0) (0,0) (0,0) (0,0) (0,0) (0,0) (0,0) (0,0) (0,0) (0,0) (0,0) (0,0) (0,0) (0,0) (0,0) (0,0) (0,0) (0,0) (0,0) (0,0) (0,0) (0,0) (0,0) (0,0) 






(0,0.0297) (1,0) (0,0) (0,0) (0,0) (0,0) (0,0) (0,0) (0,0) (0,0) (0,0) (0,0) (0,0) (0,0) (0,0) (0,0) (0,0) (0,0) (0,0) (0,0) (0,0) (0,0) (0,0) (0,0) (0,0) (0,0) (0,0) (0,0) (0,0) (0,0) (0,0) (0,0) (0,0) (0,0) (0,0) 






(0,0.0282) (1,0) (0,0) (0,0) (0,0) (0,0) (0,0) (0,0) (0,0) (0,0) (0,0) (0,0) (0,0) (0,0) (0,0) (0,0) (0,0) (0,0) (0,0) (0,0) (0,0) (0,0) (0,0) (0,0) (0,0) (0,0) (0,0) (0,0) (0,0) (0,0) (0,0) (0,0) (0,0) (0,0) (0,0) 






(0,0.0269) (1,0) (0,0) (0,0) (0,0) (0,0) (0,0) (0,0) (0,0) (0,0) (0,0) (0,0) (0,0) (0,0) (0,0) (0,0) (0,0) (0,0) (0,0) (0,0) (0,0) (0,0) (0,0) (0,0) (0,0) (0,0) (0,0) (0,0) (0,0) (0,0) (0,0) (0,0) (0,0) (0,0) (0,0) 






(0,0.0257) (1,0) (0,0) (0,0) (0,0) (0,0) (0,0) (0,0) (0,0) (0,0) (0,0) (0,0) (0,0) (0,0) (0,0) (0,0) (0,0) (0,0) (0,0) (0,0) (0,0) (0,0) (0,0) (0,0) (0,0) (0,0) (0,0) (0,0) (0,0) (0,0) (0,0) (0,0) (0,0) (0,0) (0,0) 






(0,0.0246) (1,0) (0,0) (0,0) (0,0) (0,0) (0,0) (0,0) (0,0) (0,0) (0,0) (0,0) (0,0) (0,0) (0,0) (0,0) (0,0) (0,0) (0,0) (0,0) (0,0) (0,0) (0,0) (0,0) (0,0) (0,0) (0,0) (0,0) (0,0) (0,0) (0,0) (0,0) (0,0) (0,0) (0,0) 






(0,0.0236) (1,0) (0,0) (0,0) (0,0) (0,0) (0,0) (0,0) (0,0) (0,0) (0,0) (0,0) (0,0) (0,0) (0,0) (0,0) (0,0) (0,0) (0,0) (0,0) (0,0) (0,0) (0,0) (0,0) (0,0) (0,0) (0,0) (0,0) (0,0) (0,0) (0,0) (0,0) (0,0) (0,0) (0,0) 






(0,0.0227) (1,0) (0,0) (0,0) (0,0) (0,0) (0,0) (0,0) (0,0) (0,0) (0,0) (0,0) (0,0) (0,0) (0,0) (0,0) (0,0) (0,0) (0,0) (0,0) (0,0) (0,0) (0,0) (0,0) (0,0) (0,0) (0,0) (0,0) (0,0) (0,0) (0,0) (0,0) (0,0) (0,0) (0,0) 






(0,0.0219) (1,0) (0,0) (0,0) (0,0) (0,0) (0,0) (0,0) (0,0) (0,0) (0,0) (0,0) (0,0) (0,0) (0,0) (0,0) (0,0) (0,0) (0,0) (0,0) (0,0) (0,0) (0,0) (0,0) (0,0) (0,0) (0,0) (0,0) (0,0) (0,0) (0,0) (0,0) (0,0) (0,0) (0,0) 






(0,3) (1,0.75) (2,0) (0,0) (0,0) (0,0) 



(0,1.71) (1,0.429) (2,0) (0,0) (0,0) (0,0) 



(0,1.2) (1,0.3) (2,0) (0,0) (0,0) (0,0) 



(0,0.923) (1,0.231) (2,0) (0,0) (0,0) (0,0) 



(0,0.75) (1,0.188) (2,0) (0,0) (0,0) (0,0) 



(0,0.632) (1,0.158) (2,0) (0,0) (0,0) (0,0) 



(0,0.545) (1,0.136) (2,0) (0,0) (0,0) (0,0) 



(0,0.48) (1,0.12) (2,0) (0,0) (0,0) (0,0) 



(0,0.429) (1,0.107) (2,0) (0,0) (0,0) (0,0) 



(0,0.387) (1,0.0968) (2,0) (0,0) (0,0) (0,0) 



(0,0.353) (1,0.0882) (2,0) (0,0) (0,0) (0,0) 



(0,0.324) (1,0.0811) (2,0) (0,0) (0,0) (0,0) 



(0,0.3) (1,0.075) (2,0) (0,0) (0,0) (0,0) 



(0,0.279) (1,0.0698) (2,0) (0,0) (0,0) (0,0) 



(0,0.261) (1,0.0652) (2,0) (0,0) (0,0) (0,0) 



(0,0.245) (1,0.0612) (2,0) (0,0) (0,0) (0,0) 



(0,0.231) (1,0.0577) (2,0) (0,0) (0,0) (0,0) 



(0,0.218) (1,0.0545) (2,0) (0,0) (0,0) (0,0) 



(0,0.207) (1,0.0517) (2,0) (0,0) (0,0) (0,0) 



(0,0.197) (1,0.0492) (2,0) (0,0) (0,0) (0,0) 



(0,0.188) (1,0.0469) (2,0) (0,0) (0,0) (0,0) 



(0,0.179) (1,0.0448) (2,0) (0,0) (0,0) (0,0) 



(1,10) (3,8.33) (2,6.67) (4,1.67) (0,1.67) 


(1,6) (3,5) (2,4) (4,1) (0,1) 


(1,4.29) (3,3.57) (2,2.86) (4,0.714) (0,0.714) 


(1,3.33) (3,2.78) (2,2.22) (4,0.556) (0,0.556) 


(1,2.73) (3,2.27) (2,1.82) (4,0.455) (0,0.455) 


(1,2.31) (3,1.92) (2,1.54) (4,0.385) (0,0.385) 


(1,2) (3,1.67) (2,1.33) (4,0.333) (0,0.333) 


(1,1.76) (3,1.47) (2,1.18) (4,0.294) (0,0.294) 


(1,1.58) (3,1.32) (2,1.05) (4,0.263) (0,0.263) 


(1,1.43) (3,1.19) (2,0.952) (4,0.238) (0,0.238) 


(1,1.3) (3,1.09) (2,0.87) (4,0.217) (0,0.217) 


(1,1.2) (3,1) (2,0.8) (4,0.2) (0,0.2) 


(1,1.11) (3,0.926) (2,0.741) (4,0.185) (0,0.185) 


(1,1.03) (3,0.862) (2,0.69) (4,0.172) (0,0.172) 


(1,0.968) (3,0.806) (2,0.645) (4,0.161) (0,0.161) 


(1,0.909) (3,0.758) (2,0.606) (4,0.152) (0,0.152) 


(1,0.857) (3,0.714) (2,0.571) (4,0.143) (0,0.143) 


(1,0.811) (3,0.676) (2,0.541) (4,0.135) (0,0.135) 


(1,0.769) (3,0.641) (2,0.513) (4,0.128) (0,0.128) 


(1,0.732) (3,0.61) (2,0.488) (4,0.122) (0,0.122) 


(1,0.698) (3,0.581) (2,0.465) (4,0.116) (0,0.116) 


(1,0.667) (3,0.556) (2,0.444) (4,0.111) (0,0.111) 


(1,0.638) (3,0.532) (2,0.426) (4,0.106) (0,0.106) 


(1,0.612) (3,0.51) (2,0.408) (4,0.102) (0,0.102) 


(1,0.588) (3,0.49) (2,0.392) (4,0.098) (0,0.098) 


(2,10) (4,5) (0,3.33) (3,1.67) (1,1.67) 


(2,6) (4,3) (0,2) (3,1) (1,1) 


(2,4.29) (4,2.14) (0,1.43) (3,0.714) (1,0.714) 


(2,3.33) (4,1.67) (0,1.11) (3,0.556) (1,0.556) 


(2,2.73) (4,1.36) (0,0.909) (3,0.455) (1,0.455) 


(2,2.31) (4,1.15) (0,0.769) (3,0.385) (1,0.385) 


(2,2) (4,1) (0,0.667) (3,0.333) (1,0.333) 


(2,1.76) (4,0.882) (0,0.588) (3,0.294) (1,0.294) 


(2,1.58) (4,0.789) (0,0.526) (3,0.263) (1,0.263) 


(2,1.43) (4,0.714) (0,0.476) (3,0.238) (1,0.238) 


(2,1.3) (4,0.652) (0,0.435) (3,0.217) (1,0.217) 


(2,1.2) (4,0.6) (0,0.4) (3,0.2) (1,0.2) 


(2,1.11) (4,0.556) (0,0.37) (3,0.185) (1,0.185) 


(2,1.03) (4,0.517) (0,0.345) (3,0.172) (1,0.172) 


(2,0.968) (4,0.484) (0,0.323) (3,0.161) (1,0.161) 


(2,0.909) (4,0.455) (0,0.303) (3,0.152) (1,0.152) 


(2,0.857) (4,0.429) (0,0.286) (3,0.143) (1,0.143) 


(2,0.811) (4,0.405) (0,0.27) (3,0.135) (1,0.135) 


(2,0.769) (4,0.385) (0,0.256) (3,0.128) (1,0.128) 


(2,0.732) (4,0.366) (0,0.244) (3,0.122) (1,0.122) 


(2,0.698) (4,0.349) (0,0.233) (3,0.116) (1,0.116) 


(2,0.667) (4,0.333) (0,0.222) (3,0.111) (1,0.111) 


(2,0.638) (4,0.319) (0,0.213) (3,0.106) (1,0.106) 


(2,0.612) (4,0.306) (0,0.204) (3,0.102) (1,0.102) 


(2,0.588) (4,0.294) (0,0.196) (3,0.098) (1,0.098) 


